image: nevs.pgm
resolution: 0.050000
origin: [-32.800000, -40.800000, 0.000000]
negate: 0
occupied_thresh: 0.65
free_thresh: 0.196

